197
458
708
964
1221
1478
1741
2015
2286
2550
2802
3052
3302
3563
3835
4102
4370
4635
4900
5154
5407
5562
5922
6195
6468
6736
6995
7246
7506
7766
7923
8290
8563
8828
9092
9349
9600
9845
10105
10380
10645
10908
11168
11424
11675
11930
12186
12449
12626
12988
13252
13506
13755
14005
14253
14516
14786
15053
15311
15574
15833
16083
16335
16590
16853
17127
17398
17659
17915
18168
18426
18682
18946
19212
19483
19746
20008
20261
20514
20764
21031
21203
21576
21838
22100
22350
22603
22859
23114
23375
23640
23916
24180
24429
24676
24843
25191
25462
25732
25997
26253
26516
26770
27019
27272
27529
27794
28066
28334
28589
28835
29089
29348
29604
29869
30136
30401
30661
30916
31165
31415
31668
31934
32207
32476
32735
32985
33234
33490
33748
34010
34274
34542
34818
35076
35321
35571
35830
36093
36365
36632
36793
37151
37412
37665
37914
38165
38430
38692
38958
39224
39477
39720
39975
40230
40488
40745
41009
41272
41527
41781
42026
42274
42523
42792
43058
43321
43573
43818
44061
44312
44566
44815
45075
45338
45608
45764
46101
46346
46594
46844
47107
47371
47634
47888
48140
48393
48642
48888
49144
49410
49678
49942
50198
50448
50691
50949
51207
51472
51735
52001
52256
52512
52769
53020
53271
53537
53814
54078
54332
54587
54837
55090
55348
55607
55872
56139
56413
56667
56918
57165
57314
57666
57940
58209
58473
58729
58984
59239
59493
59742
60002
60270
60543
60808
61061
61310
61558
61818
62081
62348
62609
62876
63129
63382
63634
63886
64134
64400
64674
64936
65186
65437
65685
65933
66188
66444
66705
66868
67227
67486
67735
67977
68225
68475
68740
69008
69269
69522
69772
70027
70272
70523
70779
71046
71311
71579
71831
72078
72326
72486
72846
73117
73378
73642
73902
74159
74300
74658
74916
75182
75459
75726
75982
76232
76484
76736
76996
77257
77526
77788
78055
78312
78560
78807
79062
79316
79583
79855
80119
80369
80624
80881
81130
81379
81641
81906
82171
82437
82689
82934
83181
83444
83703
83970
84231
84492
84746
85003
85257
85505
85760
86031
86304
86569
86820
87071
87317
87572
87832
88094
88365
88631
88901
89156
89408
89655
89912
90171
90443
90714
90980
91233
91486
91745
92000
92254
92521
92792
93059
93330
93583
93828
94083
94354
94618
94884
95156
95330
95351
95422
95680
95935
96188
96445
96706
96985
97256
97521
97777
98030
98277
98541
98808
99077
99343
99616
99881
100135
100383
100635
100893
101165
101440
101700
101957
102115
102469
102719
102973
103234
103502
103762
104025
104278
104527
104771
105027
105292
105558
105817
106080
106337
106588
106841
107089
107344
107603
107876
108028
108394
108646
108895
109139
109396
109661
109926
110186
110452
110715
110963
111206
111456
111711
111976
112247
112507
112763
113013
113270
113518
113773
114034
114303
114567
114833
115087
115337
115581
115837
116104
116375
116638
116900
117157
117412
117667
117916
118173
118343
118714
118981
119237
119486
119737
119987
120243
120507
120776
121034
121301
121559
121811
122055
122310
122567
122838
123112
123377
123628
123879
124140
124391
124644
124911
125182
125448
125715
125969
126111
126466
126734
127000
127269
127536
127798
128051
128309
128565
128819
129079
129351
129626
129891
130142
130392
130645
130900
131161
131424
131690
131953
132219
132469
132717
132964
133222
133485
133757
134026
134288
134535
134788
135047
135303
135558
135827
136095
136364
136626
136878
137126
137379
137650
137917
138184
138447
138712
138962
139219
139474
139729
139994
140272
140544
140807
141060
141308
141559
141823
142093
142360
142623
142893
143155
143408
143656
143912
144175
144448
144722
144986
145245
145496
145753
146008
146267
146530
146800
146949
147328
147583
147834
148082
148342
148612
148884
149143
149401
149653
149904
150161
150414
150671
150937
151212
151472
151723
151972
152223
152474
152734
153001
153268
153530
153796
154053
154305
154556
154816
155079
155353
155629
155886
156136
156389
156647
156805
157166
157431
157698
157964
158223
158470
158573
158577
158583
158586
158589
158594
158600
158606
158719
158967
159230
159497
159764
160027
160282
160531
160781
161034
161288
161547
161815
162089
162350
162595
162842
163093
163346
163608
163759
164141
164406
164669
164922
165172
165421
165680
165847
166216
166492
166752
166999
167254
167512
167768
168028
168296
168562
168827
169087
169335
169586
169842
170115
170381
170650
170915
171176
171428
171682
171936
172197
172460
172731
173000
173262
173509
173757
173932
174272
174543
174806
175071
175328
175591
175839
176087
176336
176601
176871
177138
177402
177658
177902
178156
178412
178669
178924
179192
179453
179713
179971
180216
180463
180721
180994
181259
181522
181784
182038
182288
182543
182799
183059
183323
183598
183865
184124
184372
184621
184871
185138
185409
185677
185942
186205
186464
186718
186966
187222
187489
187761
188031
188289
188542
188789
189046
189299
189559
189821
190091
190356
190613
190866
191116
191365
191627
191900
192169
192430
192692
192942
193195
193453
193711
193975
194243
194520
194783
195036
195286
195541
195797
196069
196339
196607
196870
197136
197392
197646
197901
198163
198329
198704
198974
199228
199476
199730
199987
200242
200503
200765
201030
201290
201544
201790
202039
202294
202561
202828
203096
203354
203608
203857
204110
204366
204629
204889
205158
205431
205690
205935
206182
206436
206697
206967
207236
207501
207765
208030
208281
208530
208787
209058
209327
209601
209867
210124
210372
210634
210639
210892
211156
211424
211691
211951
212213
212473
212720
212970
213236
213513
213784
214048
214309
214563
214821
215081
215337
215605
215876
216153
216417
216672
216922
217178
217436
217704
217977
218246
218506
218766
219022
219277
219528
219792
220061
220334
220607
220866
221115
221371
221633
221897
222162
222430
222699
222961
223225
223476
223729
223989
224268
224537
224806
225066
225324
225578
225837
226095
226361
226630
226904
227171
227316
227321
227425
227678
227931
228184
228454
228728
228998
229259
229523
229780
230035
230287
230548
230816
231090
231263
231622
231877
232127
232390
232655
232919
233189
233460
233724
233984
234237
234490
234746
235024
235298
235568
235830
236091
236342
236598
236861
237131
237398
237675
237945
238087
238445
238698
238952
239215
239493
239760
240018
240279
240536
240788
241036
241291
241559
241828
241981
242352
242608
242856
243108
243366
243631
243894
244156
244417
244672
244924
245171
245421
245683
245958
246225
246483
246739
246993
247245
247497
247754
248017
248282
248555
248816
249067
249311
249564
249815
250083
250359
250625
250882
251138
251398
251648
251895
252157
252424
252696
252968
253224
253474
253728
253991
254253
254425
254792
255063
255325
255587
255838
256093
256353
256630
256905
257178
257443
257700
257954
258216
258482
258752
259022
259299
259572
259830
260083
260338
260599
260873
261154
261430
261696
261960
262224
262485
262738
263005
263280
263556
263831
264093
264343
264601
264868
265132
265400
265672
265943
266208
266470
266725
266979
267243
267526
267796
268066
268327
268584
268837
269099
269361
269525
269897
270175
270438
270697
270946
271198
271455
271727
272000
272266
272528
272788
273047
273304
273557
273821
274092
274368
274638
274894
275144
275150
275396
275661
275922
276186
276452
276720
276979
277232
277485
277741
277995
278271
278543
278813
279072
279328
279575
279832
280099
280363
280624
280896
281166
281419
281662
281913
282165
282430
282703
282967
283230
283487
283746
283993
284243
284500
284766
285030
285297
285556
285807
286053
286306
286561
286827
287088
287351
287612
287868
288122
288368
288619
288874
289146
289415
289678
289927
290180
290428
290682
290943
291207
291470
291741
292007
292262
292504
292756
293010
293273
293547
293811
294069
294324
294583
294830
295079
295337
295604
295865
296133
296392
296541
296883
297141
297399
297662
297923
298184
298441
298697
298951
299197
299445
299704
299977
300242
300503
300755
301006
301256
301511
301767
302032
302295
302560
302822
303073
303314
303561
303812
304076
304344
304605
304863
305113
305364
305596
305610
305625
305629
305638
305642
305646
305651
305659
305665
305672
305677
305685
305692
305699
305704
305710
305716
305724
305732
305737
305745
305748
305753
305759
305764
305769
305774
305781
305786
305791
305795
305802
305806
305813
305821
305827
305834
305840
305854
305861
305868
305875
305882
305887
305895
305901
305905
305908
305919
305933
305941
305947
305953
305961
305968
305974
305979
305984
305990
305993
305995
306003
306008
306015
306019
306029
306039
306042
306049
306052
306056
306058
306068
306074
306080
306086
306103
306128
306135
306141
306145
306150
306158
306164
306169
306172
306175
306183
306188
306195
306199
306204
306210
306216
306222
306229
306231
306236
306239
306244
306248
306253
306260
306266
306272
306277
306283
306288
306291
306294
306298
306301
306308
306314
306322
306332
306339
306343
306349
306356
306368
306374
306381
308391
308647
308853
308905
309004
309008
309110
309115
309119
309165
309415
309664
309909
310152
310400
310667
310931
311191
311442
311583
311928
312177
312429
312680
312936
313195
313459
313703
313943
314179
314274
314281
314287
314292
314418
314433
314438
314467
314601
314610
314618
314622
314631
314640
314648
314658
314667
314758
314766
314771
314911
315173
315417
315665
315907
316146
316385
316624
316867
317120
317375
317634
317890
318134
318228
318233
318235
318288
318294
318300
318302
318314
318324
318330
318356
318361
318374
318453
318458
318474
318480
318491
318495
318498
318505
318515
318522
318534
318536
318548
318552
318560
318564
318570
318601
318615
318710
318716
318721
318756
318762
318768
318775
318780
318786
318788
318792
318800
318803
318811
318816
318821
318852
318855
318869
318961
318966
318968
318978
319053
319055
319062
319067
319121
319376
319630
319891
320142
320388
320633
320880
321124
321384
321652
321912
322162
322411
322658
322903
323153
323405
323668
323929
324194
324453
324701
324944
325195
325444
325707
325981
326241
326496
326751
327010
327257
327508
327765
328035
328302
328571
328829
329079
329330
329589
329852
330119
330386
330651
330911
331168
331422
331673
331927
332195
332471
332739
332998
333249
333501
333756
334013
334274
334542
334806
335078
335337
335587
335836
336092
336350
336621
336895
337162
337417
337675
337931
338184
338437
338702
338969
339240
339510
339762
340009
340265
340529
340793
341058
341331
341594
341855
342114
342363
342616
342879
343154
343419
343688
343946
344201
344453
344715
344979
345246
345516
345791
346059
346319
346568
346824
347086
347363
347638
347911
348173
348437
348698
348956
349211
349477
349749
350019
350285
350542
350792
351048
351315
351582
351847
352119
352386
352649
352910
353165
353423
353688
353970
354238
354501
354763
355019
355277
355543
355811
356084
356359
356644
356908
357167
357423
357685
357952
358226
358495
358763
358893
358900
358905
359024
359284
359537
359543
359794
360055
360324
360595
360867
361132
361387
361634
361892
362154
362425
362690
362956
363167
363169
363221
363479
363734
363984
364238
364497
364777
365047
365309
365563
365569
365817
366067
366321
366580
366843
367105
367376
367638
367888
368132
368383
368632
368895
369166
369426
369680
369933
370187
370402
370406
370429
370674
370777
370927
371086
371190
371374
371711
371964
372207
372445
372690
372942
373196
373450
373706
373959
374211
374458
374699
374866
374872
374882
374888
374893
374944
375193
375455
375718
375979
376225
376468
376709
376956
377204
377452
377709
377965
378228
378476
378717
378955
379197
379443
379700
379964
380221
380469
380714
380963
381203
381441
381689
381946
382200
382458
382711
382953
383186
383427
383679
383929
384178
384430
384626
384684
384927
385010
385014
385169
385408
385644
385879
386132
386395
386647
386893
387136
387378
387615
387859
388054
388103
388355
388607
388864
389120
389365
389599
389838
390081
390331
390589
390846
391103
391351
391594
391842
392085
392324
392570
392830
393092
393349
393594
393839
394077
394324
394573
394831
395082
395338
395590
395839
396085
396325
396567
396817
397083
397342
397597
397848
397980
397982
397986
397993
398094
398333
398581
398834
399087
399341
399604
399870
400119
400361
400607
400854
401106
401371
401634
401894
402145
402399
402648
402897
403143
403399
403663
403932
404200
404448
404692
404938
405195
405448
405708
405967
406229
406481
406731
406979
407225
407472
407730
408002
408267
408515
408763
409008
409250
409497
409741
409822
409830
409845
409854
409879
409889
409894
409896
409902
409905
409908
409936
409943
409945
409949
410001
410255
410517
410780
411026
411033
411046
411048
411054
411074
411086
411090
411263
411506
411751
411777
411781
411840
411846
412008
412226
412274
412532
412785
412885
413034
413282
413524
413767
414015
414273
414532
414797
415058
415307
415548
415800
416056
416310
416569
416834
417095
417352
417604
417850
418097
418350
418616
418879
419143
419396
419643
419883
420133
420384
420633
420890
421152
421417
421670
421913
422156
422403
422654
422915
423177
423435
423688
423939
424190
424436
424674
424924
425183
425444
425703
425951
426194
426433
426679
426927
427076
427429
427688
427938
428183
428429
428666
428903
428942
428947
428954
428991
428995
429144
429403
429643
429656
429746
429750
429757
429763
429767
429909
430005
430010
430036
430039
430062
430068
430109
430130
430141
430157
430396
430468
430471
430498
430508
430519
430537
430549
430552
430563
430578
430586
430591
430598
430627
430816
430866
431005
431014
431018
431023
431053
431110
431146
431348
431427
431438
431444
431450
431460
431594
431797
431843
431941
431949
431966
431971
432098
432105
432286
432340
432517
432577
432804
432898
433031
433036
433045
433213
433229
433249
433262
433300
433352
433359
433370
433394
433405
433411
433423
433506
433513
433549
433559
433610
433615
433630
433710
433741
433748
433752
433759
433783
433819
433825
433833
433845
433851
433858
433873
433880
433885
434247
434390
434497
434512
434514
434525
434869
434921
434929
434942
434960
434965
434974
434981
434987
434994
435006
435013
435018
435024
435031
435041
435283
435301
435307
435324
435330
435336
435353
435360
435366
435395
435400
435414
435427
435505
435512
435521
435529
435532
435540
435548
435554
435562
435607
435613
435652
435657
435693
435697
435707
435715
435721
435728
435746
435782
435793
435803
435809
436140
436387
436598
436604
436607
436614
436629
436830
436863
436946
436951
436957
436970
436985
437008
437014
437020
437041
437047
437080
437093
437402
437404
437420
437507
437514
437563
437574
437636
437639
437803
437893
437934
438232
438238
438289
438391
438400
438411
438425
438432
438469
438537
438611
438613
438619
438625
438635
438637
438651
438658
438669
438683
438699
438711
438726
438777
438812
438822
439168
439185
439248
439385
439474
439659
439674
439702
439749
439759
439771
439789
439797
439801
439929
440175
440228
440233
440557
440561
440569
440577
440581
440589
440609
440619
440624
440636
440642
440662
440669
440733
440739
440994
441008
441013
441033
441038
441052
441124
441131
441141
441144
441152
441466
441584
441673
441679
441686
441697
441702
441984
441993
442012
442044
442281
442302
442322
442338
442351
442364
442371
442519
442573
442579
442767
442775
442811
442831
442838
442857
442862
442914
442920
442997
443016
443480
443598
443607
443625
443633
443642
443651
443661
443669
443676
443683
443709
443792
443942
443948
443958
443964
443981
443997
444025
444172
444199
444203
444223
444235
444249
444663
444747
444756
444762
444907
445146
445383
445493
445518
445624
445853
446084
446133
446314
446554
446793
446906
446917
446922
446928
446931
446933
446940
446947
446953
446993
447043
447217
447224
447233
447240
447293
447528
447534
447758
447930
448120
448125
448130
448134
448141
448218
448455
448502
448537
448542
448548
448554
448751
448758
448931
448938
449173
449413
449651
449886
450113
450200
450229
450240
450245
450337
450564
450801
451047
451291
451533
451766
451998
452225
452454
452687
452919
453162
453404
453602
453607
453637
453654
453898
453905
453918
453923
453926
453931
453936
453946
453974
454081
454087
454134
454358
454816
455055
455300
455544
455791
456025
456262
456498
456671
456891
456900
456951
457038
457050
457070
457074
457184
457241
457255
457271
457353
457361
457369
457427
457496
457668
457913
458159
458392
458563
458569
458615
458742
458749
458753
458760
458765
458771
458777
458840
458923
458929
458933
458937
459076
459307
459542
459779
460020
460255
460491
460722
460945
461166
461388
461627
461872
462109
462342
462577
462754
462759
462807
463029
463394
463401
463419
463431
463438
463442
463451
463459
463486
463636
463795
463800
463806
463809
463950
463997
464004
464009
464014
464020
464032
464038
464044
464052
464063
464193
464440
464673
464905
465129
465349
465573
465806
465988
465993
466000
466007
466046
466285
466527
466762
466863
466869
466942
466948
466954
466961
466966
466976
466997
467230
467456
467679
467904
467960
468139
468318
468324
468328
468338
468347
468353
468357
468359
468363
468377
468737
468742
468759
468764
468784
468790
468793
468809
468811
468866
468879
468893
468897
468951
468956
469101
469463
469630
469634
469636
469781
469898
469970
469998
470013
470042
470062
470199
470219
470223
470247
470273
470277
470332
470338
470344
470361
470367
470373
470381
470667
470720
470963
471204
471437
471636
471647
471651
471664
471675
471683
472116
472283
472288
472290
472299
472482
472505
472512
472542
472545
472582
472598
472607
472619
472628
472633
472642
472660
472697
472701
472708
472712
472740
473079
473319
473410
473416
473424
473555
473874
473897
473905
473961
473987
473991
474005
474242
474252
474324
474327
474332
474334
474340
474345
474352
474358
474367
474370
474375
474417
474458
474473
474506
474710
474833
474842
474870
474872
474877
474880
474887
474893
474904
474910
474928
474936
474939
474954
475206
475373
475380
475384
475390
475447
475632
475683
475719
475722
475725
475906
475931
475941
476091
476134
476246
476313
476360
476592
476600
476620
476679
476693
476781
476969
476974
476990
477075
477082
477272
477287
477298
477302
477316
477549
477653
477921
477945
477950
477963
477971
477977
478026
478169
478188
478190
478195
478204
478210
478215
478221
478228
478240
478251
478391
478402
478412
478417
478424
478430
478446
478476
478604
478637
478642
478708
478723
478738
478802
478947
479136
479168
479172
479174
479190
479202
479210
479217
479223
479233
479286
479686
479691
479704
479867
479872
479890
479895
479918
480010
480017
480023
480086
480098
480103
480146
480328
480379
480616
480848
481091
481334
481578
481822
482067
482184
482191
482302
482529
482762
482993
483237
483486
483682
483737
483828
483832
483980
484061
484066
484073
484216
484450
484684
484916
485256
485287
485315
485324
485337
485368
485389
485627
485873
486123
486363
486589
486816
487046
487274
487509
487755
487997
488142
488469
488712
488939
489165
489388
489621
489858
490104
490254
490592
490827
491051
491284
491514
491743
491976
492220
492461
492701
492938
493168
493393
493616
493850
494093
494333
494576
494817
495052
495277
495509
495682
495688
495693
495742
495972
496209
496450
496700
496946
497186
497412
497637
497864
498099
498339
498579
498822
499060
499303
499541
499771
499993
500221
500458
500697
500943
501187
501424
501653
501880
502115
502344
502577
502814
503056
503298
503539
503776
504004
504231
504454
504688
504933
505176
505411
505650
505887
506111
506340
506572
506801
507031
507274
507525
507761
507996
508222
508447
508671
508903
509141
509378
509617
509855
510097
510328
510555
510776
511003
511236
511473
511718
511961
512195
512423
512650
512882
513107
513338
513572
513811
514051
514294
514531
514756
514834
514838
514844
514981
515066
515072
515091
515095
515134
515144
515158
515204
515435
515677
515917
516150
516386
516622
516846
517077
517308
517534
517767
518008
518261
518505
518745
518971
519198
519427
519659
519898
520137
520378
520616
520860
521097
521323
521543
521772
522009
522246
522490
522740
522979
523209
523440
523678
523907
524141
524385
524632
524874
525122
525367
525597
525825
525965
526304
526552
526801
527048
527291
527529
527768
528009
528242
528481
528728
528986
529236
529485
529722
529958
530191
530433
530681
530928
531179
531430
531682
531922
532162
532394
532633
532873
533127
533386
533636
533881
534118
534361
534599
534839
535079
535331
535581
535833
536085
536269
536323
536555
536791
537041
537287
537539
537789
538040
538280
538519
538762
538995
539230
539478
539738
539987
540234
540475
540710
540939
541176
541422
541664
541912
542161
542415
542653
542892
543125
543356
543594
543845
544102
544348
544594
544834
545073
545310
545549
545787
546032
546285
546540
546791
547026
547262
547495
547735
547979
548230
548475
548723
548967
549209
549447
549680
549917
550159
550413
550670
550922
551162
551401
551637
551877
552119
552366
552615
552864
553119
553369
553608
553838
554076
554314
554564
554822
555073
555320
555560
555806
556044
556281
556516
556761
557011
557266
557518
557757
557991
558223
558467
558710
558958
559205
559454
559699
559943
560182
560412
560648
560886
561137
561392
561644
561887
562124
562310
562359
562598
562837
563076
563323
563571
563822
564072
564313
564540
564770
565009
565257
565509
565762
566017
566262
566508
566751
566990
567225
567473
567728
567986
568243
568490
568646
568965
569215
569462
569714
569969
570227
570478
570728
570974
571213
571448
571690
571952
572206
572460
572707
572951
573185
573427
573676
573919
574168
574428
574692
574940
575180
575421
575662
575905
576161
576422
576678
576928
577182
577429
577670
577907
578152
578406
578666
578925
579176
579425
579661
579800
580150
580403
580655
580910
581166
581422
581669
581909
582150
582391
582647
582907
583659
583710
583716
583723
583728
583737
583849
583872
583879
583884
583899
583988
583997
584029
584034
584040
584043
584045
584048
584050
584064
584071
584077
584089
584106
584112
584118
584139
584230
584243
584250
584252
584262
584273
584282
584286
584293
584296
584302
584312
584318
584321
584328
584331
584335
584383
584625
584874
585127
585391
585641
585882
586117
586357
586594
586841
587101
587355
587604
587853
588103
588340
588577
588817
589068
589316
589577
589836
590082
590320
590561
590810
591054
591303
591559
591815
592065
592315
592556
592791
593028
593277
593533
593650
593660
593665
593667
593675
593683
593686
593696
593700
593712
593718
593723
593725
593728
593748
593755
593765
593784
593806
593813
593820
593832
593836
593838
593842
593854
593862
593954
593963
593969
593976
593981
593999
594032
594234
594240
594242
594244
594278
594473
594478
594524
594528
594533
594542
594598
594665
594672
594760
594773
594776
594794
594798
594800
594803
594827
594847
595081
595087
595120
595127
595240
595244
595249
595469
595482
595524
595526
595528
595730
595988
596246
596496
596730
596963
597205
597294
597302
597311
597329
597361
597367
597372
597379
597381
597390
597393
597414
597419
597445
597605
597694
597822
597899
597948
598204
598450
598699
598946
599184
599416
599654
599902
600157
600410
600663
600909
601141
601383
601627
601870
602112
602363
602567
602616
602866
603113
603349
603583
603816
604063
604317
604571
604818
605068
605136
605139
605142
605152
605159
605162
605308
605548
605791
606025
606213
606265
606370
606376
606513
606770
607007
607019
607185
607193
607205
607216
607270
607505
607601
607738
607967
608205
608295
608301
608331
608448
608692
608805
608859
608875
608888
608962
608970
608975
608980
608985
609057
609070
609076
609082
609145
609153
609187
609258
609533
609680
609736
609748
609757
609762
609767
609775
609778
609789
609798
609807
609814
609819
609826
609831
609839
609845
609855
609864
609873
609905
609915
609934
609948
609967
609972
609977
609982
609986
609994
609998
610001
610237
610247
610264
610378
610617
610794
610811
610817
610864
610883
610919
610924
610933
610953
610966
610977
611018
611031
611042
611048
611057
611060
611115
611218
611221
611225
611228
611246
611256
611259
611270
611277
611284
611297
611309
611324
611360
611603
611834
612067
612305
612541
612772
613016
613266
613512
613756
613994
614225
614455
614691
614939
615184
615429
615671
615916
616148
616379
616612
616844
617078
617319
617522
617770
617776
618048
618060
618072
618076
618245
618290
618377
618382
618392
618520
618698
618707
618711
618713
618723
618742
618795
618977
619136
619462
619711
619956
620206
620449
620684
620914
621153
621394
621648
621909
622158
622403
622645
622889
623127
623368
623613
623866
624120
624379
624633
624871
625107
625346
625596
625845
626103
626356
626608
626853
627098
627342
627581
627824
628078
628345
628601
628854
629097
629340
629433
629437
629581
629824
630075
630331
630414
630421
630425
630583
630593
630838
630912
630920
630926
630930
630936
630944
631097
631339
631573
631814
632060
632314
632555
632573
632832
632937
633089
633245
633249
633334
633584
633830
634074
634317
634571
634832
635091
635350
635596
635837
636078
636332
636585
636845
637104
637363
637611
637859
638109
638350
638593
638851
639118
639374
639625
639872
640116
640358
640606
640856
641111
641370
641634
641889
642137
642375
642617
642862
643121
643388
643644
643899
644151
644403
644648
644894
645143
645406
645668
645934
646193
646444
646687
646936
647192
647450
647705
647968
648226
648483
648733
648977
649221
649471
649740
